  maj/min cpu #seq time pid event R/W start_sector + #sectors pname
  8,22   3        1     0.000000000     0  C  RA 291250504 + 8 [0]
  8,22   3        2     0.000663750     0  C  RA 291250336 + 8 [0]
  8,22   3        3     0.004734241     0  C  WS 299384080 + 8 [0]
  8,22   3        4     0.005280081     0  C  WS 349252080 + 120 [0]
  8,22   3        5     0.064922268     0  C  FN 0 [0]
  8,22   3        6     0.065076893     0  C  WS 349252200 + 8 [0]
  8,22   3        7     0.084832706     0  C  FN 0 [0]
  8,22   3        8     0.084840579     0  C  WS 349252200 [0]
  8,22   3        9     0.088172558     0  C  WS 289992056 + 8 [0]
  8,22   3       10     0.090163567     0  C  WS 349252208 + 88 [0]
  8,22   3       11     0.108038034     0  C  FN 0 [0]
  8,22   3       12     0.108121835     0  C  WS 349252296 + 8 [0]
  8,22   3       13     0.127886274     0  C  FN 0 [0]
  8,22   3       14     0.127890059     0  C  WS 349252296 [0]
  8,22   3       15     0.130160519     0  C  WS 349252304 + 80 [0]
  8,22   3       16     0.148260775     0  C  FN 0 [0]
  8,22   3       17     0.148337724     0  C  WS 349252384 + 8 [0]
  8,22   3       18     0.168128703     0  C  FN 0 [0]
  8,22   3       19     0.168133752     0  C  WS 349252384 [0]
  8,22   3       20     0.168698276     0  C  WS 289988032 + 8 [0]
  8,22   3       21     0.170640837     0  C  WS 349252392 + 64 [0]
  8,22   3       22     0.188177653     0  C  FN 0 [0]
  8,22   3       23     0.188254903     0  C  WS 349252456 + 8 [0]
  8,22   3       24     0.207673151     0  C  FN 0 [0]
  8,22   3       25     0.207680316     0  C  WS 349252456 [0]
  8,22   3       26     0.208391124     0  C  WS 349252464 + 80 [0]
  8,22   3       27     0.227708946     0  C  FN 0 [0]
  8,22   3       28     0.227804503     0  C  WS 349252544 + 8 [0]
  8,22   3       29     0.247203859     0  C  FN 0 [0]
  8,22   3       30     0.247212339     0  C  WS 349252544 [0]
  8,22   3       31     3.687646897     0  C   W 288419624 + 8 [0]
  8,22   3       32     5.223739706 14448  C   W 287909904 + 64 [0]
  8,22   3       33     5.223772799 14448  C  WM 281753608 + 16 [0]
  8,22   3       34     5.223787075 14448  C  WM 281753656 + 8 [0]
  8,22   3       35     5.223789956 14448  C  WM 285948024 + 8 [0]
  8,22   3       36     5.223801382 14448  C  WM 382417024 + 24 [0]
  8,22   3       37     5.223840265 14448  C  WM 382417152 + 8 [0]
  8,22   3       38     5.223942272    33  C  WM 382417192 + 16 [0]
  8,22   3       39     5.223949894    33  C  WM 382418016 + 8 [0]
  8,22   3       40     5.223953110    33  C  WM 382418048 + 8 [0]
  8,22   3       41     5.233463204     0  C  WM 382421064 + 8 [0]
  8,22   3       42     5.233492740     0  C  WM 382425024 + 8 [0]
  8,22   3       43     5.233496252     0  C  WM 382426920 + 8 [0]
  8,22   3       44     5.233500896     0  C  WM 382482752 + 8 [0]
  8,22   3       45     5.233504536     0  C  WM 382483152 + 8 [0]
  8,22   3       46     5.233507640     0  C  WM 411777712 + 8 [0]
  8,22   3       47     5.234123343     0  C   W 299392336 + 32 [0]
  8,22   3       48     5.234153131     0  C   W 343621752 + 24 [0]
  8,22   3       49     5.245435516     0  C   W 413344000 + 208 [0]
  8,22   3       50     5.245452877     0  C   W 299384080 + 8 [0]
  8,22   3       51     5.245471468     0  C   W 287910224 + 8 [0]
  8,22   3       52     5.245476367     0  C   W 287910256 + 32 [0]
  8,22   3       53     5.992896950     0  C  WS 349252552 + 104 [0]
  8,22   3       54     6.014978202     0  C  FN 0 [0]
  8,22   3       55     6.015137505     0  C  WS 349252656 + 8 [0]
  8,22   3       56     6.035022755     0  C  FN 0 [0]
  8,22   3       57     6.035032679     0  C  WS 349252656 [0]
  8,22   3       58    22.183922627   697  C  FN 0 [0]
  8,22   3       59    22.183930789   697  C  WS 0 [0]
  8,22   3       60    22.184433200     0  C  WS 299341928 + 8 [0]
  8,22   3       61    22.184479302     0  C  WS 347598664 + 8 [0]
  8,22   3       62    22.184504295     0  C  WS 347598936 + 8 [0]
  8,22   3       63    22.184518272     0  C  WS 347599448 + 8 [0]
  8,22   3       64    22.184523362     0  C  WS 347601624 + 8 [0]
  8,22   3       65    22.184527724     0  C  WS 347601832 + 8 [0]
  8,22   3       66    22.184532075     0  C  WS 347603184 + 8 [0]
  8,22   3       67    22.184536443     0  C  WS 347603336 + 8 [0]
  8,22   3       68    22.184541033     0  C  WS 347603472 + 8 [0]
  8,22   3       69    22.184545897     0  C  WS 347604616 + 8 [0]
  8,22   3       70    22.184550623     0  C  WS 347604976 + 24 [0]
  8,22   3       71    22.184558325     0  C  WS 347605024 + 8 [0]
  8,22   3       72    22.184562647     0  C  WS 347605080 + 8 [0]
  8,22   3       73    22.184566463     0  C  WS 347605416 + 8 [0]
  8,22   3       74    22.184570303     0  C  WS 347606056 + 8 [0]
  8,22   3       75    22.184574512     0  C  WS 347606200 + 8 [0]
  8,22   3       76    22.184821033     0  C  WS 288417920 + 8 [0]
  8,22   3       77    22.185105231   269  C  WS 347606232 + 8 [0]
  8,22   3       78    22.185123593   269  C  WS 347606248 + 8 [0]
  8,22   3       79    22.185128794   269  C  WS 347606272 + 8 [0]
  8,22   3       80    22.185134224   269  C  WS 347606440 + 8 [0]
  8,22   3       81    22.185139022   269  C  WS 347606632 + 8 [0]
  8,22   3       82    22.185144158   269  C  WS 347606856 + 8 [0]
  8,22   3       83    22.186657238     0  C  WS 347606928 + 24 [0]
  8,22   3       84    22.186692821     0  C  WS 347607056 + 8 [0]
  8,22   3       85    22.186698284     0  C  WS 347607072 + 8 [0]
  8,22   3       86    22.186703613     0  C  WS 347607120 + 8 [0]
  8,22   3       87    22.186708565     0  C  WS 347607160 + 8 [0]
  8,22   3       88    22.186713552     0  C  WS 347606880 + 8 [0]
  8,22   3       89    22.186719194     0  C  WS 347606904 + 16 [0]
  8,22   3       90    22.186725667     0  C  WS 347607176 + 24 [0]
  8,22   3       91    22.186773611     0  C  WS 347607216 + 16 [0]
  8,22   3       92    22.186791017     0  C  WS 347607248 + 16 [0]
  8,22   3       93    22.188957483     0  C  WS 347607448 + 8 [0]
  8,22   3       94    22.188989354     0  C  WS 347607504 + 8 [0]
  8,22   3       95    22.188994663     0  C  WS 347607536 + 8 [0]
  8,22   3       96    22.188999376     0  C  WS 347607568 + 8 [0]
  8,22   3       97    22.189003739     0  C  WS 347607600 + 8 [0]
  8,22   3       98    22.189008060     0  C  WS 347607632 + 8 [0]
  8,22   3       99    22.189012667     0  C  WS 347607672 + 8 [0]
  8,22   3      100    22.189018341     0  C  WS 347607704 + 8 [0]
  8,22   3      101    22.189022858     0  C  WS 349252664 + 104 [0]
  8,22   3      102    22.189060316     0  C  WS 347607736 + 8 [0]
  8,22   3      103    22.189065342     0  C  WS 347607768 + 8 [0]
  8,22   3      104    22.189069812     0  C  WS 347607816 + 8 [0]
  8,22   3      105    22.198681662     0  C  WS 347607848 + 8 [0]
  8,22   3      106    22.198713046     0  C  WS 347607912 + 8 [0]
  8,22   3      107    22.198718632     0  C  WS 347607928 + 8 [0]
  8,22   3      108    22.198724125     0  C  WS 347608000 + 16 [0]
  8,22   3      109    22.262541055     0  C  FN 0 [0]
  8,22   3      110    22.262687991   328  C  WS 349252768 + 8 [0]
  8,22   3      111    22.262706151   328  C  WS 347608024 + 8 [0]
  8,22   3      112    22.262742473   328  C  WS 347608072 + 8 [0]
  8,22   3      113    22.262748033   328  C  WS 347608208 + 8 [0]
  8,22   3      114    22.262792263   328  C  WS 347608296 + 8 [0]
  8,22   3      115    22.262812239   328  C  WS 347608472 + 16 [0]
  8,22   3      116    22.283053334     0  C  FN 0 [0]
  8,22   3      117    22.283063128     0  C  WS 349252768 [0]
  8,22   3      118    22.283408955     0  C  WS 349252776 + 24 [0]
  8,22   3      119    22.303775686     0  C  FN 0 [0]
  8,22   3      120    22.303931563     0  C  WS 349252800 + 8 [0]
  8,22   3      121    22.324277979     0  C  FN 0 [0]
  8,22   3      122    22.324287780     0  C  WS 349252800 [0]
  8,22   3      123    22.324746192     0  C  WS 299341928 + 8 [0]
  8,22   3      124    22.325134167     0  C  WS 349252808 + 16 [0]
  8,22   3      125    22.345051250     0  C  FN 0 [0]
  8,22   3      126    22.345187181     0  C  WS 349252824 + 8 [0]
  8,22   3      127    22.364840364     0  C  FN 0 [0]
  8,22   3      128    22.364849847     0  C  WS 349252824 [0]
  8,22   3      129    24.790142196     0  C  WS 287911320 + 8 [0]
  8,22   3      130    24.790672429     0  C  WS 349252832 + 64 [0]
  8,22   3      131    24.820551001     0  C  FN 0 [0]
  8,22   3      132    24.820692913     0  C  WS 349252896 + 8 [0]
  8,22   3      133    24.840299803     0  C  FN 0 [0]
  8,22   3      134    24.840309207     0  C  WS 349252896 [0]
  8,22   3      135    30.824497288     0  C  WS 349252904 + 80 [0]
  8,22   3      136    31.107100460     0  C  FN 0 [0]
  8,22   3      137    31.107231131     0  C  WS 349252984 + 8 [0]
  8,22   3      138    31.107263037    33  C   W 345739112 + 8 [0]
  8,22   3      139    31.135687398     0  C  FN 0 [0]
  8,22   3      140    31.135696167     0  C  WS 349252984 [0]
CPU3 (sdb6):
 Reads Queued:           0,        0KiB	 Writes Queued:           0,        0KiB
 Read Dispatches:        0,        0KiB	 Write Dispatches:        0,        0KiB
 Reads Requeued:         0		 Writes Requeued:         0
 Reads Completed:       25,        8KiB	 Writes Completed:      115,     1000KiB
 Read Merges:            0,        0KiB	 Write Merges:            0,        0KiB
 Read depth:             0        	 Write depth:             0
 IO unplugs:             0        	 Timer unplugs:           0

Throughput (R/W): 0KiB/s / 32KiB/s
Events (sdb6): 140 entries
Skips: 0 forward (0 -   0.0%)
