  maj/min cpu #seq time pid event R/W start_sector + #sectors pname
  8,0   10        1     0.000000000     0  C  RM 3380609280 + 8 [0]
  8,0   10        2     0.000297540     0  C  RA 3380871176 + 8 [0]
  8,0   10        3     0.000543397     0  C  RA 3380871168 + 8 [0]
  8,0    7        1     6.011967548     0  C  RA 51195904 + 512 [0]
  8,0    7        2     6.012850741     0  C  RA 51196416 + 256 [0]
  8,0    7        3     6.013597215 820594  C  RA 51196672 + 256 [0]
  8,0    7        4     6.017208840     0  C  RA 51196928 + 272 [0]
  8,0    7        5     6.017959960 820594  C  RA 51197200 + 256 [0]
  8,0    7        6     6.019848230     0  C  RA 51197456 + 272 [0]
  8,0    7        7     6.020500177 820594  C  RA 51197728 + 256 [0]
  8,0    7        8     6.024227162     0  C  RA 51197984 + 264 [0]
  8,0    7        9     6.024876036 820594  C  RA 51198248 + 256 [0]
  8,0    7       10     6.026433277     0  C  RA 51198504 + 264 [0]
  8,0    7       11     6.027085594 820594  C  RA 51198768 + 256 [0]
  8,0    7       12     6.029129623     0  C  RA 51199024 + 272 [0]
  8,0    7       13     6.029782388 820594  C  RA 51199296 + 256 [0]
  8,0    7       14     6.031790204     0  C  RA 51199552 + 264 [0]
  8,0    7       15     6.032331043     0  C  RA 51199816 + 184 [0]
  8,0    7       16     6.032663437 820594  C  RA 51380224 + 72 [0]
  8,0    7       17     6.035013584     0  C  RA 51380296 + 272 [0]
  8,0    7       18     6.035765049 820594  C  RA 51380568 + 256 [0]
  8,0    7       19     6.037293574     0  C  RA 51380824 + 264 [0]
  8,0    7       20     6.038014777 820594  C  RA 51381088 + 256 [0]
  8,0    7       21     6.039610722     0  C  RA 51381344 + 264 [0]
  8,0    7       22     6.040267454 820594  C  RA 51381608 + 256 [0]
  8,0    7       23     6.041854143     0  C  RA 51381864 + 264 [0]
  8,0    7       24     6.042511480 820594  C  RA 51382128 + 256 [0]
  8,0    7       25     6.044432708     0  C  RA 51382384 + 280 [0]
  8,0    7       26     6.045098917 820594  C  RA 51382664 + 256 [0]
  8,0    7       27     6.046645227     0  C  RA 51382920 + 272 [0]
  8,0    7       28     6.047304699 820594  C  RA 51383192 + 256 [0]
  8,0    7       29     6.048811461     0  C  RA 51383448 + 256 [0]
  8,0    7       30     6.049471742 820594  C  RA 51383704 + 256 [0]
  8,0    7       31     6.050780826     0  C  RA 51383960 + 272 [0]
  8,0    7       32     6.051449600 820594  C  RA 51384232 + 256 [0]
  8,0    7       33     6.055471161     0  C  RA 51384488 + 272 [0]
  8,0    7       34     6.056143155 820594  C  RA 51384760 + 256 [0]
  8,0    7       35     6.057885374     0  C  RA 51385016 + 272 [0]
  8,0    7       36     6.058574210 820594  C  RA 51385288 + 256 [0]
  8,0    7       37     6.060402523     0  C  RA 51385544 + 264 [0]
  8,0    7       38     6.061050159 820594  C  RA 51385808 + 256 [0]
  8,0    7       39     6.063791769     0  C  RA 51386064 + 264 [0]
  8,0    7       40     6.064445892 820594  C  RA 51386328 + 256 [0]
  8,0    7       41     6.066760186     0  C  RA 51386584 + 264 [0]
  8,0    7       42     6.067415136 820594  C  RA 51386848 + 256 [0]
  8,0    7       43     6.069663961     0  C  RA 51387104 + 264 [0]
  8,0    7       44     6.070316637 820594  C  RA 51387368 + 256 [0]
  8,0    7       45     6.072018566     0  C  RA 51387624 + 272 [0]
  8,0    7       46     6.072666203 820594  C  RA 51387896 + 256 [0]
  8,0    7       47     6.074273624     0  C  RA 51388152 + 264 [0]
  8,0    7       48     6.074924936 820594  C  RA 51388416 + 256 [0]
  8,0    7       49     6.076526415     0  C  RA 51388672 + 264 [0]
  8,0    7       50     6.077182341 820594  C  RA 51388936 + 256 [0]
  8,0    7       51     6.078819934     0  C  RA 51389192 + 264 [0]
  8,0    7       52     6.079474378 820594  C  RA 51389456 + 256 [0]
  8,0    7       53     6.081143342     0  C  RA 51389712 + 272 [0]
  8,0    7       54     6.081766924 820594  C  RA 51389984 + 256 [0]
  8,0    7       55     6.083439974     0  C  RA 51390240 + 264 [0]
  8,0    7       56     6.084090671 820594  C  RA 51390504 + 256 [0]
  8,0    7       57     6.085725671     0  C  RA 51390760 + 264 [0]
  8,0    7       58     6.086391833 820594  C  RA 51391024 + 256 [0]
  8,0    7       59     6.088077528     0  C  RA 51391280 + 256 [0]
  8,0    7       60     6.088733577 820594  C  RA 51391536 + 256 [0]
  8,0    7       61     6.090169624     0  C  RA 51391792 + 264 [0]
  8,0    7       62     6.090828288 820594  C  RA 51392056 + 256 [0]
  8,0    7       63     6.092606716     0  C  RA 51392312 + 312 [0]
  8,0    7       64     6.093261467 820594  C  RA 51392624 + 256 [0]
  8,0    7       65     6.094960983 820594  C  RA 51392880 + 256 [0]
  8,0    7       66     6.097493957     0  C  RA 51393136 + 512 [0]
  8,0    7       67     6.098146996 820594  C  RA 51393648 + 256 [0]
  8,0    7       68     6.099825114     0  C  RA 51393904 + 264 [0]
  8,0    7       69     6.100475268 820594  C  RA 51394168 + 256 [0]
  8,0    7       70     6.102152642     0  C  RA 51394424 + 272 [0]
  8,0    7       71     6.102807273 820594  C  RA 51394696 + 256 [0]
  8,0    7       72     6.104420938 820594  C  RA 51394952 + 256 [0]
  8,0    7       73     6.107279025     0  C  RA 51395208 + 512 [0]
  8,0    7       74     6.107967661 820594  C  RA 51395720 + 264 [0]
  8,0    7       75     6.110162859     0  C  RA 51395984 + 288 [0]
  8,0    7       76     6.110814110 820594  C  RA 51396272 + 256 [0]
  8,0    7       77     6.113102298 820594  C  RA 51396528 + 256 [0]
  8,0    7       78     6.115254628     0  C  RA 51396784 + 512 [0]
  8,0    7       79     6.115904352 820594  C  RA 51397296 + 256 [0]
  8,0    7       80     6.117517348     0  C  RA 51397552 + 264 [0]
  8,0    7       81     6.118187862 820594  C  RA 51397816 + 256 [0]
  8,0    7       82     6.119876075     0  C  RA 51398072 + 264 [0]
  8,0    7       83     6.120531437 820594  C  RA 51398336 + 256 [0]
  8,0    7       84     6.122569973     0  C  RA 51398592 + 264 [0]
  8,0    7       85     6.123224517 820594  C  RA 51398856 + 256 [0]
  8,0    7       86     6.124896576     0  C  RA 51399112 + 272 [0]
  8,0    7       87     6.125547034 820594  C  RA 51399384 + 256 [0]
  8,0    7       88     6.127157534     0  C  RA 51399640 + 264 [0]
  8,0    7       89     6.127805067 820594  C  RA 51399904 + 256 [0]
  8,0    7       90     6.129411832     0  C  RA 51400160 + 264 [0]
  8,0    7       91     6.130096570 820594  C  RA 51400424 + 256 [0]
  8,0    7       92     6.131615997     0  C  RA 51400680 + 256 [0]
  8,0    7       93     6.132266497 820594  C  RA 51400936 + 256 [0]
  8,0    7       94     6.133999618     0  C  RA 51401192 + 264 [0]
  8,0    7       95     6.134661581 820594  C  RA 51401456 + 256 [0]
  8,0    7       96     6.136306912     0  C  RA 51401712 + 272 [0]
  8,0    7       97     6.136955921 820594  C  RA 51401984 + 256 [0]
  8,0    7       98     6.138863544     0  C  RA 51402240 + 264 [0]
  8,0    7       99     6.139518082 820594  C  RA 51402504 + 256 [0]
  8,0    7      100     6.141644800     0  C  RA 51402760 + 280 [0]
  8,0    7      101     6.142298671 820594  C  RA 51403040 + 256 [0]
  8,0    7      102     6.143925149     0  C  RA 51403296 + 264 [0]
  8,0    7      103     6.144582701 820594  C  RA 51403560 + 256 [0]
  8,0    7      104     6.146224558     0  C  RA 51403816 + 264 [0]
  8,0    7      105     6.146879619 820594  C  RA 51404080 + 256 [0]
  8,0    7      106     6.148544664     0  C  RA 51404336 + 272 [0]
  8,0    7      107     6.149204118 820594  C  RA 51404608 + 256 [0]
  8,0    7      108     6.150858273     0  C  RA 51404864 + 264 [0]
  8,0    7      109     6.151512451 820594  C  RA 51405128 + 256 [0]
  8,0    7      110     6.153103151 820594  C  RA 51405384 + 256 [0]
  8,0    7      111     6.153774457 820594  C  RA 51405640 + 256 [0]
  8,0    7      112     6.155210069     0  C  RA 51405896 + 280 [0]
  8,0    7      113     6.155840287 820594  C  RA 51406176 + 256 [0]
  8,0    7      114     6.157451917     0  C  RA 51406432 + 256 [0]
  8,0    7      115     6.158060264 820594  C  RA 51406688 + 256 [0]
  8,0    7      116     6.159531201     0  C  RA 51406944 + 280 [0]
  8,0    7      117     6.160183152 820594  C  RA 51407224 + 256 [0]
  8,0    7      118     6.162221602     0  C  RA 51407480 + 264 [0]
  8,0    7      119     6.162882072 820594  C  RA 51407744 + 256 [0]
  8,0    7      120     6.164576792     0  C  RA 51408000 + 272 [0]
  8,0    7      121     6.165232285 820594  C  RA 51408272 + 256 [0]
  8,0    7      122     6.166886885     0  C  RA 51408528 + 264 [0]
  8,0    7      123     6.167541355 820594  C  RA 51408792 + 256 [0]
  8,0    7      124     6.169295703     0  C  RA 51409048 + 272 [0]
  8,0    7      125     6.169951497 820594  C  RA 51409320 + 256 [0]
  8,0    7      126     6.171533675 820594  C  RA 51409576 + 256 [0]
  8,0    7      127     6.173680171     0  C  RA 51409832 + 512 [0]
  8,0    7      128     6.174354196 820594  C  RA 51410344 + 264 [0]
  8,0    7      129     6.175995349     0  C  RA 51410608 + 272 [0]
  8,0    7      130     6.176644300 820594  C  RA 51410880 + 256 [0]
  8,0    7      131     6.178236115     0  C  RA 51411136 + 256 [0]
  8,0    7      132     6.178857587 820594  C  RA 51411392 + 256 [0]
  8,0    7      133     6.180285113     0  C  RA 51411648 + 272 [0]
  8,0    7      134     6.180891520 820594  C  RA 51411920 + 256 [0]
  8,0    7      135     6.182560018     0  C  RA 51412176 + 264 [0]
  8,0    7      136     6.183207025 820594  C  RA 51412440 + 256 [0]
  8,0    7      137     6.184840830     0  C  RA 51412696 + 264 [0]
  8,0    7      138     6.185495805 820594  C  RA 51412960 + 256 [0]
  8,0    7      139     6.187123667     0  C  RA 51413216 + 264 [0]
  8,0    7      140     6.187774146 820594  C  RA 51413480 + 256 [0]
  8,0    7      141     6.189473542     0  C  RA 51413736 + 264 [0]
  8,0    7      142     6.190131178 820594  C  RA 51414000 + 256 [0]
  8,0    7      143     6.191839636     0  C  RA 51414256 + 272 [0]
  8,0    7      144     6.192495481 820594  C  RA 51414528 + 256 [0]
  8,0    7      145     6.194182721     0  C  RA 51414784 + 272 [0]
  8,0    7      146     6.194838041 820594  C  RA 51415056 + 256 [0]
  8,0    7      147     6.196945169     0  C  RA 51415312 + 272 [0]
  8,0    7      148     6.197605281 820594  C  RA 51415584 + 256 [0]
  8,0    7      149     6.199253275     0  C  RA 51415840 + 264 [0]
  8,0    7      150     6.199909472 820594  C  RA 51416104 + 256 [0]
  8,0    7      151     6.201554975     0  C  RA 51416360 + 264 [0]
  8,0    7      152     6.202213092 820594  C  RA 51416624 + 256 [0]
  8,0    7      153     6.203896662     0  C  RA 51416880 + 272 [0]
  8,0    7      154     6.204555924 820594  C  RA 51417152 + 256 [0]
  8,0    7      155     6.206353678     0  C  RA 51417408 + 320 [0]
  8,0    7      156     6.207020172  1046  C  RA 51417728 + 256 [0]
  8,0    7      157     6.209351060 820594  C  RA 51417984 + 256 [0]
  8,0    7      158     6.211745924     0  C  RA 51418240 + 480 [0]
  8,0    7      159     6.212404161 820594  C  RA 51418720 + 256 [0]
  8,0    7      160     6.214504845     0  C  RA 51418976 + 264 [0]
  8,0    7      161     6.215164414 820594  C  RA 51419240 + 256 [0]
  8,0    7      162     6.216819683     0  C  RA 51419496 + 264 [0]
  8,0    7      163     6.217484076 820594  C  RA 51419760 + 256 [0]
  8,0    7      164     6.219148656     0  C  RA 51420016 + 264 [0]
  8,0    7      165     6.219806016 820594  C  RA 51420280 + 256 [0]
  8,0    7      166     6.221828125     0  C  RA 51420536 + 264 [0]
  8,0    7      167     6.222476224 820594  C  RA 51420800 + 256 [0]
  8,0    7      168     6.224685357     0  C  RA 51421056 + 272 [0]
  8,0    7      169     6.225336948 820594  C  RA 51421328 + 256 [0]
  8,0    7      170     6.227026210     0  C  RA 51421584 + 264 [0]
  8,0    7      171     6.227684838 820594  C  RA 51421848 + 256 [0]
  8,0    7      172     6.229268530 820594  C  RA 51422104 + 256 [0]
  8,0    7      173     6.231428110     0  C  RA 51422360 + 512 [0]
  8,0    7      174     6.232100322 820594  C  RA 51422872 + 264 [0]
  8,0    7      175     6.233781024     0  C  RA 51423136 + 280 [0]
  8,0    7      176     6.234429204 820594  C  RA 51423416 + 256 [0]
  8,0    7      177     6.236371528     0  C  RA 51423672 + 256 [0]
  8,0    7      178     6.237011605 820594  C  RA 51423928 + 256 [0]
  8,0    7      179     6.238838582     0  C  RA 51424184 + 264 [0]
  8,0    7      180     6.239497410 820594  C  RA 51424448 + 256 [0]
  8,0    7      181     6.241821787     0  C  RA 51424704 + 264 [0]
  8,0    7      182     6.242472452 820594  C  RA 51424968 + 256 [0]
  8,0    7      183     6.244131168     0  C  RA 51425224 + 264 [0]
  8,0    7      184     6.244787145 820594  C  RA 51425488 + 256 [0]
  8,0    7      185     6.246412753     0  C  RA 51425744 + 264 [0]
  8,0    7      186     6.247068817 820594  C  RA 51426008 + 256 [0]
  8,0    7      187     6.249052543     0  C  RA 51426264 + 256 [0]
  8,0    7      188     6.249711133 820594  C  RA 51426520 + 256 [0]
  8,0    7      189     6.251561768     0  C  RA 51426776 + 272 [0]
  8,0    7      190     6.252218868 820594  C  RA 51427048 + 256 [0]
  8,0    7      191     6.254490110     0  C  RA 51427304 + 264 [0]
  8,0    7      192     6.255147570 820594  C  RA 51427568 + 256 [0]
  8,0    7      193     6.256808186     0  C  RA 51427824 + 272 [0]
  8,0    7      194     6.257461338 820594  C  RA 51428096 + 256 [0]
  8,0    7      195     6.259160016     0  C  RA 51428352 + 272 [0]
  8,0    7      196     6.259825015 820594  C  RA 51428624 + 256 [0]
  8,0    7      197     6.261433955     0  C  RA 51428880 + 256 [0]
  8,0    7      198     6.262060367 820594  C  RA 51429136 + 256 [0]
  8,0    7      199     6.263794612     0  C  RA 51429392 + 416 [0]
  8,0    7      200     6.264446679 820594  C  RA 51429808 + 256 [0]
  8,0    7      201     6.266204540 820594  C  RA 51430064 + 256 [0]
  8,0    7      202     6.268073056     0  C  RA 51430320 + 400 [0]
  8,0    7      203     6.268725207 820594  C  RA 51430720 + 256 [0]
  8,0    7      204     6.270332002     0  C  RA 51430976 + 256 [0]
  8,0    7      205     6.270983507 820594  C  RA 51431232 + 256 [0]
  8,0    7      206     6.272321616     0  C  RA 51431488 + 256 [0]
  8,0    7      207     6.272970690 820594  C  RA 51431744 + 256 [0]
  8,0    7      208     6.274423682     0  C  RA 51432000 + 280 [0]
  8,0    7      209     6.275080704 820594  C  RA 51432280 + 256 [0]
  8,0    7      210     6.276779552     0  C  RA 51432536 + 264 [0]
  8,0    7      211     6.277429683 820594  C  RA 51432800 + 256 [0]
  8,0    7      212     6.279107167     0  C  RA 51433056 + 264 [0]
  8,0    7      213     6.279756629 820594  C  RA 51433320 + 256 [0]
  8,0    7      214     6.281343422 820594  C  RA 51433576 + 256 [0]
  8,0    7      215     6.283537051     0  C  RA 51433832 + 512 [0]
  8,0    7      216     6.284206231 820594  C  RA 51434344 + 264 [0]
  8,0    7      217     6.285870409     0  C  RA 51434608 + 272 [0]
  8,0    7      218     6.286536850 820594  C  RA 51434880 + 256 [0]
  8,0    7      219     6.288162846     0  C  RA 51435136 + 256 [0]
  8,0    7      220     6.288817282 820594  C  RA 51435392 + 256 [0]
  8,0    7      221     6.290257462     0  C  RA 51435648 + 272 [0]
  8,0    7      222     6.290916028 820594  C  RA 51435920 + 256 [0]
  8,0    7      223     6.292591097     0  C  RA 51436176 + 272 [0]
  8,0    7      224     6.293252143 820594  C  RA 51436448 + 256 [0]
  8,0    7      225     6.295508918 820594  C  RA 51436704 + 256 [0]
  8,0    7      226     6.298408811     0  C  RA 51436960 + 512 [0]
  8,0    7      227     6.299087653 820594  C  RA 51437472 + 264 [0]
  8,0    7      228     6.300744374     0  C  RA 51437736 + 272 [0]
  8,0    7      229     6.301401252 820594  C  RA 51438008 + 256 [0]
  8,0    7      230     6.303030433     0  C  RA 51438264 + 256 [0]
  8,0    7      231     6.303685982 820594  C  RA 51438520 + 256 [0]
  8,0    7      232     6.305116014     0  C  RA 51438776 + 264 [0]
  8,0    7      233     6.305774528 820594  C  RA 51439040 + 256 [0]
  8,0    7      234     6.307472429     0  C  RA 51439296 + 272 [0]
  8,0    7      235     6.308144897 820594  C  RA 51439568 + 256 [0]
  8,0    7      236     6.309816151     0  C  RA 51439824 + 272 [0]
  8,0    7      237     6.310468029 820594  C  RA 51440096 + 256 [0]
  8,0    7      238     6.312664132     0  C  RA 51440352 + 256 [0]
  8,0    7      239     6.313317950 820594  C  RA 51440608 + 256 [0]
  8,0    7      240     6.314800706     0  C  RA 51440864 + 280 [0]
  8,0    7      241     6.315464357 820594  C  RA 51441144 + 256 [0]
  8,0    7      242     6.317103720     0  C  RA 51441400 + 264 [0]
  8,0    7      243     6.317753189 820594  C  RA 51441664 + 256 [0]
  8,0    7      244     6.319530520     0  C  RA 51441920 + 264 [0]
  8,0    7      245     6.320179480 820594  C  RA 51442184 + 256 [0]
  8,0    7      246     6.321790250     0  C  RA 51442440 + 264 [0]
  8,0    7      247     6.322437648 820594  C  RA 51442704 + 256 [0]
  8,0    7      248     6.324072385     0  C  RA 51442960 + 264 [0]
  8,0    7      249     6.324730666 820594  C  RA 51443224 + 256 [0]
  8,0    7      250     6.326417110     0  C  RA 51443480 + 272 [0]
  8,0    7      251     6.327065530 820594  C  RA 51443752 + 256 [0]
  8,0    7      252     6.329035640     0  C  RA 51444008 + 264 [0]
  8,0    7      253     6.329686266 820594  C  RA 51444272 + 256 [0]
  8,0    7      254     6.331303108     0  C  RA 51444528 + 272 [0]
  8,0    7      255     6.331929172 820594  C  RA 51444800 + 256 [0]
  8,0    7      256     6.334302301     0  C  RA 51445056 + 264 [0]
  8,0    7      257     6.334961460 820594  C  RA 51445320 + 256 [0]
  8,0    7      258     6.336551256     0  C  RA 51445576 + 272 [0]
  8,0    7      259     6.337191555 820594  C  RA 51445848 + 256 [0]
  8,0    7      260     6.338795265 820594  C  RA 51446104 + 256 [0]
  8,0    7      261     6.340951439     0  C  RA 51446360 + 512 [0]
  8,0    7      262     6.341630969 820594  C  RA 51446872 + 264 [0]
  8,0    7      263     6.343634824     0  C  RA 51447136 + 272 [0]
  8,0    7      264     6.344290428 820594  C  RA 51447408 + 256 [0]
  8,0    7      265     6.346253468     0  C  RA 51447664 + 256 [0]
  8,0    7      266     6.346912046 820594  C  RA 51447920 + 256 [0]
  8,0    7      267     6.348443230     0  C  RA 51448176 + 288 [0]
  8,0    7      268     6.349098197 820594  C  RA 51448464 + 256 [0]
  8,0    7      269     6.350769278     0  C  RA 51448720 + 264 [0]
  8,0    7      270     6.351422655 820594  C  RA 51448984 + 256 [0]
  8,0    7      271     6.353523027     0  C  RA 51449240 + 272 [0]
  8,0    7      272     6.354175650 820594  C  RA 51449512 + 256 [0]
  8,0    7      273     6.355859277     0  C  RA 51449768 + 264 [0]
  8,0    7      274     6.356515305 820594  C  RA 51450032 + 256 [0]
  8,0    7      275     6.358105703     0  C  RA 51450288 + 256 [0]
  8,0    7      276     6.358766894 820594  C  RA 51450544 + 256 [0]
  8,0    7      277     6.360485477     0  C  RA 51450800 + 272 [0]
  8,0    7      278     6.361144592 820594  C  RA 51451072 + 256 [0]
  8,0    7      279     6.362852333     0  C  RA 51451328 + 272 [0]
  8,0    7      280     6.363508772 820594  C  RA 51451600 + 256 [0]
  8,0    7      281     6.365132743     0  C  RA 51451856 + 256 [0]
  8,0    7      282     6.365790590 820594  C  RA 51452112 + 256 [0]
  8,0    7      283     6.367204832     0  C  RA 51452368 + 264 [0]
  8,0    7      284     6.367857852 820594  C  RA 51452632 + 256 [0]
  8,0    7      285     6.369447713     0  C  RA 51452888 + 256 [0]
  8,0    7      286     6.370096269 820594  C  RA 51453144 + 256 [0]
  8,0    7      287     6.371500006     0  C  RA 51453400 + 272 [0]
  8,0    7      288     6.372147839 820594  C  RA 51453672 + 256 [0]
  8,0    7      289     6.374507341     0  C  RA 51453928 + 264 [0]
  8,0    7      290     6.375160845 820594  C  RA 51454192 + 256 [0]
  8,0    7      291     6.376786655     0  C  RA 51454448 + 264 [0]
  8,0    7      292     6.377435243 820594  C  RA 51454712 + 256 [0]
  8,0    7      293     6.379067882     0  C  RA 51454968 + 264 [0]
  8,0    7      294     6.379718372 820594  C  RA 51455232 + 256 [0]
  8,0    7      295     6.381714365     0  C  RA 51455488 + 264 [0]
  8,0    7      296     6.382361802 820594  C  RA 51455752 + 256 [0]
  8,0    7      297     6.384013089     0  C  RA 51456008 + 264 [0]
  8,0    7      298     6.384661788 820594  C  RA 51456272 + 256 [0]
  8,0    7      299     6.386355666     0  C  RA 51456528 + 296 [0]
  8,0    7      300     6.387015953 820594  C  RA 51456824 + 256 [0]
  8,0    7      301     6.389226403 820594  C  RA 51457080 + 256 [0]
  8,0    7      302     6.391320909     0  C  RA 51457336 + 496 [0]
  8,0    7      303     6.391987024 820594  C  RA 51457832 + 256 [0]
  8,0    7      304     6.394247392     0  C  RA 51458088 + 264 [0]
  8,0    7      305     6.394902674 820594  C  RA 51458352 + 256 [0]
  8,0    7      306     6.396541031     0  C  RA 51458608 + 264 [0]
  8,0    7      307     6.397197380 820594  C  RA 51458872 + 256 [0]
  8,0    7      308     6.399527369     0  C  RA 51459128 + 264 [0]
  8,0    7      309     6.400181189 820594  C  RA 51459392 + 256 [0]
  8,0    7      310     6.401796912     0  C  RA 51459648 + 264 [0]
  8,0    7      311     6.402454961 820594  C  RA 51459912 + 256 [0]
  8,0    7      312     6.404605261     0  C  RA 51460168 + 264 [0]
  8,0    7      313     6.405259693 820594  C  RA 51460432 + 256 [0]
  8,0    7      314     6.407149959     0  C  RA 51460688 + 352 [0]
  8,0    7      315     6.407803382 820594  C  RA 51461040 + 256 [0]
  8,0    7      316     6.409422277 820594  C  RA 51461296 + 256 [0]
  8,0    7      317     6.411429398     0  C  RA 51461552 + 456 [0]
  8,0    7      318     6.412084032 820594  C  RA 51462008 + 256 [0]
  8,0    7      319     6.413707995     0  C  RA 51462264 + 264 [0]
  8,0    7      320     6.414358063 820594  C  RA 51462528 + 256 [0]
  8,0    7      321     6.415995247     0  C  RA 51462784 + 264 [0]
  8,0    7      322     6.416643129 820594  C  RA 51463048 + 256 [0]
  8,0    7      323     6.418724719     0  C  RA 51463304 + 272 [0]
  8,0    7      324     6.419375583 820594  C  RA 51463576 + 256 [0]
  8,0    7      325     6.420971045     0  C  RA 51463832 + 256 [0]
  8,0    7      326     6.421617826 820594  C  RA 51464088 + 256 [0]
  8,0    7      327     6.423023285     0  C  RA 51464344 + 272 [0]
  8,0    7      328     6.423672657 820594  C  RA 51464616 + 256 [0]
  8,0    7      329     6.425327946     0  C  RA 51464872 + 264 [0]
  8,0    7      330     6.425948515 820594  C  RA 51465136 + 256 [0]
  8,0    7      331     6.427620030     0  C  RA 51465392 + 264 [0]
  8,0    7      332     6.428268827 820594  C  RA 51465656 + 256 [0]
  8,0    7      333     6.430364289     0  C  RA 51465912 + 280 [0]
  8,0    7      334     6.430984690 820594  C  RA 51466192 + 256 [0]
  8,0    7      335     6.432591058     0  C  RA 51466448 + 264 [0]
  8,0    7      336     6.433240483 820594  C  RA 51466712 + 256 [0]
  8,0    7      337     6.435285781     0  C  RA 51466968 + 272 [0]
  8,0    7      338     6.435943367 820594  C  RA 51467240 + 256 [0]
  8,0    7      339     6.437514570     0  C  RA 51467496 + 256 [0]
  8,0    7      340     6.438176329 820594  C  RA 51467752 + 256 [0]
  8,0    7      341     6.439615373     0  C  RA 51468008 + 264 [0]
  8,0    7      342     6.440270473 820594  C  RA 51468272 + 256 [0]
  8,0    7      343     6.442068592     0  C  RA 51468528 + 336 [0]
  8,0    7      344     6.442767302 820594  C  RA 51468864 + 256 [0]
  8,0    7      345     6.444339407 820594  C  RA 51469120 + 256 [0]
  8,0    7      346     6.446869301     0  C  RA 51469376 + 472 [0]
  8,0    7      347     6.447532580 820594  C  RA 51469848 + 256 [0]
  8,0    7      348     6.449228148     0  C  RA 51470104 + 264 [0]
  8,0    7      349     6.449882448 820594  C  RA 51470368 + 256 [0]
  8,0    7      350     6.451476114     0  C  RA 51470624 + 256 [0]
  8,0    7      351     6.452131447 820594  C  RA 51470880 + 256 [0]
  8,0    7      352     6.453950764     0  C  RA 51471136 + 288 [0]
  8,0    7      353     6.454616362 820594  C  RA 51471424 + 256 [0]
  8,0    7      354     6.456227119     0  C  RA 51471680 + 256 [0]
  8,0    7      355     6.456887019 820594  C  RA 51471936 + 256 [0]
  8,0    7      356     6.458618280     0  C  RA 51472192 + 272 [0]
  8,0    7      357     6.459275747 820594  C  RA 51472464 + 256 [0]
  8,0    7      358     6.461517181     0  C  RA 51472720 + 280 [0]
  8,0    7      359     6.462173827 820594  C  RA 51473000 + 256 [0]
  8,0    7      360     6.463795625     0  C  RA 51473256 + 256 [0]
  8,0    7      361     6.464459053 820594  C  RA 51473512 + 256 [0]
  8,0    7      362     6.465851393     0  C  RA 51473768 + 264 [0]
  8,0    7      363     6.466504304 820594  C  RA 51474032 + 256 [0]
  8,0    7      364     6.468189248     0  C  RA 51474288 + 272 [0]
  8,0    7      365     6.468844862 820594  C  RA 51474560 + 256 [0]
  8,0    7      366     6.470503452     0  C  RA 51474816 + 264 [0]
  8,0    7      367     6.471159361 820594  C  RA 51475080 + 256 [0]
  8,0    7      368     6.473245688     0  C  RA 51475336 + 264 [0]
  8,0    7      369     6.473904605 820594  C  RA 51475600 + 256 [0]
  8,0    7      370     6.476121760     0  C  RA 51475856 + 264 [0]
  8,0    7      371     6.476771006 820594  C  RA 51476120 + 256 [0]
  8,0    7      372     6.478432161     0  C  RA 51476376 + 264 [0]
  8,0    7      373     6.479088078 820594  C  RA 51476640 + 256 [0]
  8,0    7      374     6.480687311     0  C  RA 51476896 + 264 [0]
  8,0    7      375     6.481336788 820594  C  RA 51477160 + 256 [0]
  8,0    7      376     6.482995112     0  C  RA 51477416 + 264 [0]
  8,0    7      377     6.483642296 820594  C  RA 51477680 + 256 [0]
  8,0    7      378     6.485291212     0  C  RA 51477936 + 264 [0]
  8,0    7      379     6.485942072 820594  C  RA 51478200 + 256 [0]
  8,0    7      380     6.488224710 820594  C  RA 51478456 + 256 [0]
  8,0    7      381     6.488954868 820594  C  RA 51478712 + 256 [0]
  8,0    7      382     6.490740488     0  C  RA 51478968 + 272 [0]
  8,0    7      383     6.491398456 820594  C  RA 51479240 + 256 [0]
  8,0    7      384     6.493065571     0  C  RA 51479496 + 264 [0]
  8,0    7      385     6.493724093 820594  C  RA 51479760 + 256 [0]
  8,0    7      386     6.495370833     0  C  RA 51480016 + 264 [0]
  8,0    7      387     6.496025604 820594  C  RA 51480280 + 256 [0]
  8,0    7      388     6.498121999     0  C  RA 51480536 + 272 [0]
  8,0    7      389     6.498781672 820594  C  RA 51480808 + 256 [0]
  8,0    7      390     6.500809355     0  C  RA 51481064 + 264 [0]
  8,0    7      391     6.501466413 820594  C  RA 51481328 + 256 [0]
  8,0    7      392     6.503202690     0  C  RA 51481584 + 280 [0]
  8,0    7      393     6.503855447 820594  C  RA 51481864 + 256 [0]
  8,0    7      394     6.505458188     0  C  RA 51482120 + 264 [0]
  8,0    7      395     6.506109191 820594  C  RA 51482384 + 256 [0]
  8,0    7      396     6.507747740     0  C  RA 51482640 + 288 [0]
  8,0    7      397     6.508398793 820594  C  RA 51482928 + 256 [0]
  8,0    7      398     6.510000508 820594  C  RA 51483184 + 256 [0]
  8,0    7      399     6.512479238     0  C  RA 51483440 + 512 [0]
  8,0    7      400     6.513150655 820594  C  RA 51483952 + 264 [0]
  8,0    7      401     6.515470391     0  C  RA 51484216 + 264 [0]
  8,0    7      402     6.516118556 820594  C  RA 51484480 + 256 [0]
  8,0    7      403     6.517511244     0  C  RA 51484736 + 264 [0]
  8,0    7      404     6.518163489 820594  C  RA 51485000 + 256 [0]
  8,0    7      405     6.519885031     0  C  RA 51485256 + 304 [0]
  8,0    7      406     6.520532194 820594  C  RA 51485560 + 256 [0]
  8,0    7      407     6.522199150 820594  C  RA 51485816 + 256 [0]
  8,0    7      408     6.524318204     0  C  RA 51486072 + 488 [0]
  8,0    7      409     6.524968381 820594  C  RA 51486560 + 256 [0]
  8,0    7      410     6.527105817     0  C  RA 51486816 + 272 [0]
  8,0    7      411     6.527756649 820594  C  RA 51487088 + 256 [0]
  8,0    7      412     6.529394309     0  C  RA 51487344 + 272 [0]
  8,0    7      413     6.530044833 820594  C  RA 51487616 + 256 [0]
  8,0    7      414     6.532056635     0  C  RA 51487872 + 264 [0]
  8,0    7      415     6.532713226 820594  C  RA 51488136 + 256 [0]
  8,0    7      416     6.534348844     0  C  RA 51488392 + 264 [0]
  8,0    7      417     6.534996668 820594  C  RA 51488656 + 256 [0]
  8,0    7      418     6.537290039     0  C  RA 51488912 + 256 [0]
  8,0    7      419     6.537950039 820594  C  RA 51489168 + 256 [0]
  8,0    7      420     6.539654701     0  C  RA 51489424 + 280 [0]
  8,0    7      421     6.540322415 820594  C  RA 51489704 + 256 [0]
  8,0    7      422     6.542180512     0  C  RA 51489960 + 256 [0]
  8,0    7      423     6.542844242 820594  C  RA 51490216 + 256 [0]
  8,0    7      424     6.544242942     0  C  RA 51490472 + 264 [0]
  8,0    7      425     6.544899045 820594  C  RA 51490736 + 256 [0]
  8,0    7      426     6.546529009     0  C  RA 51490992 + 272 [0]
  8,0    7      427     6.547183844 820594  C  RA 51491264 + 256 [0]
  8,0    7      428     6.550378172     0  C  RA 51491520 + 256 [0]
  8,0    7      429     6.551035944 820594  C  RA 51491776 + 256 [0]
  8,0    7      430     6.552441402     0  C  RA 51492032 + 264 [0]
  8,0    7      431     6.553105121 820594  C  RA 51492296 + 256 [0]
  8,0    7      432     6.554729669     0  C  RA 51492552 + 264 [0]
  8,0    7      433     6.555385234 820594  C  RA 51492816 + 256 [0]
  8,0    7      434     6.557416810     0  C  RA 51493072 + 264 [0]
  8,0    7      435     6.558072516 820594  C  RA 51493336 + 256 [0]
  8,0    7      436     6.560286752     0  C  RA 51493592 + 272 [0]
  8,0    7      437     6.560937628 820594  C  RA 51493864 + 256 [0]
  8,0    7      438     6.562513128     0  C  RA 51494120 + 264 [0]
  8,0    7      439     6.563171271 820594  C  RA 51494384 + 256 [0]
  8,0    7      440     6.564799800     0  C  RA 51494640 + 264 [0]
  8,0    7      441     6.565452832 820594  C  RA 51494904 + 256 [0]
  8,0    7      442     6.567086305     0  C  RA 51495160 + 272 [0]
  8,0    7      443     6.567736560 820594  C  RA 51495432 + 256 [0]
  8,0    7      444     6.569312764 820594  C  RA 51495688 + 256 [0]
  8,0    7      445     6.572346648     0  C  RA 51495944 + 512 [0]
  8,0    7      446     6.573015401 820594  C  RA 51496456 + 264 [0]
  8,0    7      447     6.575063205     0  C  RA 51496720 + 344 [0]
  8,0    7      448     6.575724960 820594  C  RA 51497064 + 256 [0]
  8,0    7      449     6.577845536 820594  C  RA 51497320 + 256 [0]
  8,0    7      450     6.580240798     0  C  RA 51497576 + 464 [0]
  8,0    7      451     6.580892190 820594  C  RA 51498040 + 256 [0]
  8,0    7      452     6.583657559     0  C  RA 51498296 + 264 [0]
  8,0    7      453     6.584306216 820594  C  RA 51498560 + 256 [0]
  8,0    7      454     6.585988022     0  C  RA 51498816 + 272 [0]
  8,0    7      455     6.586659917 820594  C  RA 51499088 + 256 [0]
  8,0    7      456     6.588285161     0  C  RA 51499344 + 264 [0]
  8,0    7      457     6.588939029 820594  C  RA 51499608 + 256 [0]
  8,0    7      458     6.590627861     0  C  RA 51499864 + 264 [0]
  8,0    7      459     6.591276834 820594  C  RA 51500128 + 256 [0]
  8,0    7      460     6.592913280     0  C  RA 51500384 + 264 [0]
  8,0    7      461     6.593560590 820594  C  RA 51500648 + 256 [0]
  8,0    7      462     6.595304751     0  C  RA 51500904 + 280 [0]
  8,0    7      463     6.595957337 820594  C  RA 51501184 + 256 [0]
  8,0    7      464     6.597532435     0  C  RA 51501440 + 256 [0]
  8,0    7      465     6.598177612 820594  C  RA 51501696 + 256 [0]
  8,0    7      466     6.599560498     0  C  RA 51501952 + 264 [0]
  8,0    7      467     6.600210046 820594  C  RA 51502216 + 256 [0]
  8,0    7      468     6.602272244     0  C  RA 51502472 + 280 [0]
  8,0    7      469     6.602930146 820594  C  RA 51502752 + 256 [0]
  8,0    7      470     6.604701808     0  C  RA 51503008 + 280 [0]
  8,0    7      471     6.605363296 820594  C  RA 51503288 + 256 [0]
  8,0    7      472     6.607413321     0  C  RA 51503544 + 264 [0]
  8,0    7      473     6.608075834 820594  C  RA 51503808 + 256 [0]
  8,0    7      474     6.610192723     0  C  RA 51504064 + 272 [0]
  8,0    7      475     6.610853173 820594  C  RA 51504336 + 256 [0]
  8,0    7      476     6.612503517     0  C  RA 51504592 + 264 [0]
  8,0    7      477     6.613160649 820594  C  RA 51504856 + 256 [0]
  8,0    7      478     6.615660062     0  C  RA 51505112 + 264 [0]
  8,0    7      479     6.616313200 820594  C  RA 51505376 + 256 [0]
  8,0    7      480     6.618177163     0  C  RA 51505632 + 264 [0]
  8,0    7      481     6.618852627 820594  C  RA 51505896 + 256 [0]
  8,0    7      482     6.620575609     0  C  RA 51506152 + 264 [0]
  8,0    7      483     6.621249658 820594  C  RA 51506416 + 256 [0]
  8,0    7      484     6.623891193     0  C  RA 51506672 + 272 [0]
  8,0    7      485     6.624547727 820594  C  RA 51506944 + 256 [0]
  8,0    7      486     6.626529221     0  C  RA 51507200 + 264 [0]
  8,0    7      487     6.627179513 820594  C  RA 51507464 + 256 [0]
  8,0    7      488     6.629064104     0  C  RA 51507720 + 256 [0]
  8,0    7      489     6.629718335 820594  C  RA 51507976 + 256 [0]
  8,0    7      490     6.631501103     0  C  RA 51508232 + 272 [0]
  8,0    7      491     6.632124229 820594  C  RA 51508504 + 256 [0]
  8,0    7      492     6.634834785     0  C  RA 51508760 + 264 [0]
  8,0    7      493     6.635487848 820594  C  RA 51509024 + 256 [0]
  8,0    7      494     6.637068316     0  C  RA 51509280 + 272 [0]
  8,0    7      495     6.637694927 820594  C  RA 51509552 + 256 [0]
  8,0    7      496     6.640042872     0  C  RA 51509808 + 256 [0]
  8,0    7      497     6.640700232 820594  C  RA 51510064 + 256 [0]
  8,0    7      498     6.642413386     0  C  RA 51510320 + 264 [0]
  8,0    7      499     6.643067801 820594  C  RA 51510584 + 256 [0]
  8,0    7      500     6.645059396     0  C  RA 51510840 + 272 [0]
  8,0    7      501     6.645714309 820594  C  RA 51511112 + 256 [0]
  8,0    7      502     6.648103757     0  C  RA 51511368 + 264 [0]
  8,0    7      503     6.648762291 820594  C  RA 51511632 + 256 [0]
  8,0    7      504     6.650410985     0  C  RA 51511888 + 264 [0]
  8,0    7      505     6.651064142 820594  C  RA 51512152 + 256 [0]
  8,0    7      506     6.652697142     0  C  RA 51512408 + 264 [0]
  8,0    7      507     6.653351211 820594  C  RA 51512672 + 256 [0]
  8,0    7      508     6.655071971     0  C  RA 51512928 + 272 [0]
  8,0    7      509     6.655726478 820594  C  RA 51513200 + 256 [0]
  8,0    7      510     6.657815765     0  C  RA 51513456 + 272 [0]
  8,0    7      511     6.658469512 820594  C  RA 51513728 + 256 [0]
  8,0    7      512     6.660162018     0  C  RA 51513984 + 264 [0]
  8,0    7      513     6.660828123 820594  C  RA 51514248 + 256 [0]
  8,0    7      514     6.662487403     0  C  RA 51514504 + 272 [0]
  8,0    7      515     6.663147888 820594  C  RA 51514776 + 256 [0]
  8,0    7      516     6.664825521     0  C  RA 51515032 + 264 [0]
  8,0    7      517     6.665482718 820594  C  RA 51515296 + 256 [0]
  8,0    7      518     6.667132530     0  C  RA 51515552 + 264 [0]
  8,0    7      519     6.667784453 820594  C  RA 51515816 + 256 [0]
  8,0    7      520     6.669430084     0  C  RA 51516072 + 264 [0]
  8,0    7      521     6.670082977 820594  C  RA 51516336 + 256 [0]
  8,0    7      522     6.671719098     0  C  RA 51516592 + 264 [0]
  8,0    7      523     6.672368285 820594  C  RA 51516856 + 256 [0]
  8,0    7      524     6.673995830     0  C  RA 51517112 + 264 [0]
  8,0    7      525     6.674644579 820594  C  RA 51517376 + 256 [0]
  8,0    7      526     6.676260415     0  C  RA 51517632 + 264 [0]
  8,0    7      527     6.676917851 820594  C  RA 51517896 + 256 [0]
  8,0    7      528     6.679205440     0  C  RA 51518152 + 256 [0]
  8,0    7      529     6.679857067 820594  C  RA 51518408 + 256 [0]
  8,0    7      530     6.681244508     0  C  RA 51518664 + 264 [0]
  8,0    7      531     6.681887265 820594  C  RA 51518928 + 256 [0]
  8,0    7      532     6.683516403     0  C  RA 51519184 + 264 [0]
  8,0    7      533     6.684171375 820594  C  RA 51519448 + 256 [0]
  8,0    7      534     6.686302450     0  C  RA 51519704 + 280 [0]
  8,0    7      535     6.686968453 820594  C  RA 51519984 + 256 [0]
  8,0    7      536     6.689130924     0  C  RA 51520240 + 264 [0]
  8,0    7      537     6.689784699 820594  C  RA 51520504 + 256 [0]
  8,0    7      538     6.691530194     0  C  RA 51520760 + 280 [0]
  8,0    7      539     6.692195555 820594  C  RA 51521040 + 256 [0]
  8,0    7      540     6.694171611 820594  C  RA 51521296 + 256 [0]
  8,0    7      541     6.694837091 820594  C  RA 51521552 + 256 [0]
  8,0    7      542     6.696249003     0  C  RA 51521808 + 272 [0]
  8,0    7      543     6.696909721 820594  C  RA 51522080 + 256 [0]
  8,0    7      544     6.698547367     0  C  RA 51522336 + 264 [0]
  8,0    7      545     6.699202174 820594  C  RA 51522600 + 256 [0]
  8,0    7      546     6.700849081     0  C  RA 51522856 + 264 [0]
  8,0    7      547     6.701502960 820594  C  RA 51523120 + 256 [0]
  8,0    7      548     6.703131836     0  C  RA 51523376 + 256 [0]
  8,0    7      549     6.703776861 820594  C  RA 51523632 + 256 [0]
  8,0    7      550     6.705176318     0  C  RA 51523888 + 272 [0]
  8,0    7      551     6.705826483 820594  C  RA 51524160 + 256 [0]
  8,0    7      552     6.707421739     0  C  RA 51524416 + 256 [0]
  8,0    7      553     6.708071829 820594  C  RA 51524672 + 256 [0]
  8,0    7      554     6.709457735     0  C  RA 51524928 + 264 [0]
  8,0    7      555     6.710109455 820594  C  RA 51525192 + 256 [0]
  8,0    7      556     6.711760734     0  C  RA 51525448 + 272 [0]
  8,0    7      557     6.712414251 820594  C  RA 51525720 + 256 [0]
  8,0    7      558     6.714624829     0  C  RA 51525976 + 264 [0]
  8,0    7      559     6.715270923 820594  C  RA 51526240 + 256 [0]
  8,0    7      560     6.717564571     0  C  RA 51526496 + 264 [0]
  8,0    7      561     6.718214349 820594  C  RA 51526760 + 256 [0]
  8,0    7      562     6.720286473     0  C  RA 51527016 + 272 [0]
  8,0    7      563     6.720938454 820594  C  RA 51527288 + 256 [0]
  8,0    7      564     6.722555385     0  C  RA 51527544 + 264 [0]
  8,0    7      565     6.723204206 820594  C  RA 51527808 + 256 [0]
  8,0    7      566     6.724853622     0  C  RA 51528064 + 264 [0]
  8,0    7      567     6.725521825 820594  C  RA 51528328 + 256 [0]
  8,0    7      568     6.727562634     0  C  RA 51528584 + 272 [0]
  8,0    7      569     6.728212659 820594  C  RA 51528856 + 256 [0]
  8,0    7      570     6.730254532     0  C  RA 51529112 + 264 [0]
  8,0    7      571     6.730875711 820594  C  RA 51529376 + 256 [0]
  8,0    7      572     6.732528062     0  C  RA 51529632 + 272 [0]
  8,0    7      573     6.733155984 820594  C  RA 51529904 + 256 [0]
  8,0    7      574     6.734797247     0  C  RA 51530160 + 264 [0]
  8,0    7      575     6.735453188 820594  C  RA 51530424 + 256 [0]
  8,0    7      576     6.737046645     0  C  RA 51530680 + 256 [0]
  8,0    7      577     6.737699271 820594  C  RA 51530936 + 256 [0]
  8,0    7      578     6.739120667     0  C  RA 51531192 + 264 [0]
  8,0    7      579     6.739787737 820594  C  RA 51531456 + 256 [0]
  8,0    7      580     6.741410281     0  C  RA 51531712 + 264 [0]
  8,0    7      581     6.742065941 820594  C  RA 51531976 + 256 [0]
  8,0    7      582     6.744500214     0  C  RA 51532232 + 272 [0]
  8,0    7      583     6.745153137 820594  C  RA 51532504 + 256 [0]
  8,0    7      584     6.746933691     0  C  RA 51532760 + 256 [0]
  8,0    7      585     6.747582164 820594  C  RA 51533016 + 256 [0]
  8,0    7      586     6.748973193     0  C  RA 51533272 + 264 [0]
  8,0    7      587     6.749621562 820594  C  RA 51533536 + 256 [0]
  8,0    7      588     6.751664904     0  C  RA 51533792 + 264 [0]
  8,0    7      589     6.752315489 820594  C  RA 51534056 + 256 [0]
  8,0    7      590     6.754318109     0  C  RA 51534312 + 264 [0]
  8,0    7      591     6.754975175 820594  C  RA 51534576 + 256 [0]
  8,0    7      592     6.757279727     0  C  RA 51534832 + 264 [0]
  8,0    7      593     6.757933262 820594  C  RA 51535096 + 256 [0]
  8,0    7      594     6.759584154     0  C  RA 51535352 + 264 [0]
  8,0    7      595     6.760238308 820594  C  RA 51535616 + 256 [0]
  8,0    7      596     6.761886905     0  C  RA 51535872 + 264 [0]
  8,0    7      597     6.762538733 820594  C  RA 51536136 + 256 [0]
  8,0    7      598     6.764228330     0  C  RA 51536392 + 272 [0]
  8,0    7      599     6.764885319 820594  C  RA 51536664 + 256 [0]
  8,0    7      600     6.767224978     0  C  RA 51536920 + 264 [0]
  8,0    7      601     6.767884443 820594  C  RA 51537184 + 256 [0]
  8,0    7      602     6.769474909     0  C  RA 51537440 + 256 [0]
  8,0    7      603     6.770085182 820594  C  RA 51537696 + 256 [0]
  8,0    7      604     6.771504487     0  C  RA 51537952 + 264 [0]
  8,0    7      605     6.772151913 820594  C  RA 51538216 + 256 [0]
  8,0    7      606     6.774401808     0  C  RA 51538472 + 264 [0]
  8,0    7      607     6.775059237 820594  C  RA 51538736 + 256 [0]
  8,0    7      608     6.776664168     0  C  RA 51538992 + 272 [0]
  8,0    7      609     6.777316976 820594  C  RA 51539264 + 256 [0]
  8,0    7      610     6.779698407     0  C  RA 51539520 + 264 [0]
  8,0    7      611     6.780349668 820594  C  RA 51539784 + 256 [0]
  8,0    7      612     6.782455986     0  C  RA 51540040 + 280 [0]
  8,0    7      613     6.783105281 820594  C  RA 51540320 + 256 [0]
  8,0    7      614     6.784740328     0  C  RA 51540576 + 272 [0]
  8,0    7      615     6.785392328 820594  C  RA 51540848 + 256 [0]
  8,0    7      616     6.787013042     0  C  RA 51541104 + 264 [0]
  8,0    7      617     6.787670191 820594  C  RA 51541368 + 256 [0]
  8,0    7      618     6.790138496     0  C  RA 51541624 + 256 [0]
  8,0    7      619     6.790796170 820594  C  RA 51541880 + 256 [0]
  8,0    7      620     6.792509315     0  C  RA 51542136 + 280 [0]
  8,0    7      621     6.793181352 820594  C  RA 51542416 + 256 [0]
  8,0    7      622     6.794896051     0  C  RA 51542672 + 272 [0]
  8,0    7      623     6.795568331 820594  C  RA 51542944 + 256 [0]
  8,0    7      624     6.797181668     0  C  RA 51543200 + 264 [0]
  8,0    7      625     6.797843244 820594  C  RA 51543464 + 256 [0]
  8,0    7      626     6.799453358     0  C  RA 51543720 + 264 [0]
  8,0    7      627     6.800107912 820594  C  RA 51543984 + 256 [0]
  8,0    7      628     6.801730572     0  C  RA 51544240 + 264 [0]
  8,0    7      629     6.802387809 820594  C  RA 51544504 + 256 [0]
  8,0    7      630     6.804133901     0  C  RA 51544760 + 280 [0]
  8,0    7      631     6.804791647 820594  C  RA 51545040 + 256 [0]
  8,0    7      632     6.806442204     0  C  RA 51545296 + 264 [0]
  8,0    7      633     6.807100798 820594  C  RA 51545560 + 256 [0]
  8,0    7      634     6.809001634     0  C  RA 51545816 + 264 [0]
  8,0    7      635     6.809659291 820594  C  RA 51546080 + 256 [0]
  8,0    7      636     6.811279064     0  C  RA 51546336 + 264 [0]
  8,0    7      637     6.811929876 820594  C  RA 51546600 + 256 [0]
  8,0    7      638     6.813605522     0  C  RA 51546856 + 272 [0]
  8,0    7      639     6.814259219 820594  C  RA 51547128 + 256 [0]
  8,0    7      640     6.816857251     0  C  RA 51547384 + 272 [0]
  8,0    7      641     6.817513727 820594  C  RA 51547656 + 256 [0]
  8,0    7      642     6.819742445     0  C  RA 51547912 + 264 [0]
  8,0    7      643     6.820393323 820594  C  RA 51548176 + 256 [0]
  8,0    7      644     6.822502889     0  C  RA 51548432 + 264 [0]
  8,0    7      645     6.823153338 820594  C  RA 51548696 + 256 [0]
  8,0    7      646     6.824816329     0  C  RA 51548952 + 264 [0]
  8,0    7      647     6.825473432 820594  C  RA 51549216 + 256 [0]
  8,0    7      648     6.827133733     0  C  RA 51549472 + 272 [0]
  8,0    7      649     6.827787653 820594  C  RA 51549744 + 256 [0]
  8,0    7      650     6.830077307     0  C  RA 51550000 + 264 [0]
  8,0    7      651     6.830735522 820594  C  RA 51550264 + 256 [0]
  8,0    7      652     6.833161925     0  C  RA 51550520 + 280 [0]
  8,0    7      653     6.833817136 820594  C  RA 51550800 + 256 [0]
  8,0    7      654     6.835410588     0  C  RA 51551056 + 256 [0]
  8,0    7      655     6.836062225 820594  C  RA 51551312 + 256 [0]
  8,0    7      656     6.837818896     0  C  RA 51551568 + 272 [0]
  8,0    7      657     6.838468541 820594  C  RA 51551840 + 256 [0]
  8,0    7      658     6.840139607     0  C  RA 51552096 + 264 [0]
  8,0    7      659     6.840797696 820594  C  RA 51552360 + 256 [0]
  8,0    7      660     6.842527155     0  C  RA 51552616 + 280 [0]
  8,0    7      661     6.843186297 820594  C  RA 51552896 + 256 [0]
  8,0    7      662     6.845182254     0  C  RA 51553152 + 264 [0]
  8,0    7      663     6.845838496 820594  C  RA 51553416 + 256 [0]
  8,0    7      664     6.848146938     0  C  RA 51553672 + 264 [0]
  8,0    7      665     6.848806190 820594  C  RA 51553936 + 256 [0]
  8,0    7      666     6.850477459     0  C  RA 51554192 + 272 [0]
  8,0    7      667     6.851134370 820594  C  RA 51554464 + 256 [0]
  8,0    7      668     6.852749778     0  C  RA 51554720 + 256 [0]
  8,0    7      669     6.853404455 820594  C  RA 51554976 + 256 [0]
  8,0    7      670     6.854855312     0  C  RA 51555232 + 264 [0]
  8,0    7      671     6.855517279 820594  C  RA 51555496 + 256 [0]
  8,0    7      672     6.857163028     0  C  RA 51555752 + 264 [0]
  8,0    7      673     6.857822078 820594  C  RA 51556016 + 256 [0]
  8,0    7      674     6.859861796     0  C  RA 51556272 + 264 [0]
  8,0    7      675     6.860514030 820594  C  RA 51556536 + 256 [0]
  8,0    7      676     6.862193249     0  C  RA 51556792 + 272 [0]
  8,0    7      677     6.862849711 820594  C  RA 51557064 + 256 [0]
  8,0    7      678     6.865251162     0  C  RA 51557320 + 256 [0]
  8,0    7      679     6.865904425 820594  C  RA 51557576 + 256 [0]
  8,0    7      680     6.867332153     0  C  RA 51557832 + 264 [0]
  8,0    7      681     6.867987088 820594  C  RA 51558096 + 256 [0]
  8,0    7      682     6.869603181     0  C  RA 51558352 + 264 [0]
  8,0    7      683     6.870254750 820594  C  RA 51558616 + 256 [0]
  8,0    7      684     6.872307348     0  C  RA 51558872 + 264 [0]
  8,0    7      685     6.872962489 820594  C  RA 51559136 + 256 [0]
  8,0    7      686     6.875105988     0  C  RA 51559392 + 272 [0]
  8,0    7      687     6.875794607 820594  C  RA 51559664 + 256 [0]
  8,0    7      688     6.876514919 820594  C  RA 51559920 + 256 [0]
  8,0    7      689     6.878807317 820594  C  RA 51560176 + 256 [0]
  8,0    7      690     6.881468883     0  C  RA 51560432 + 496 [0]
  8,0    7      691     6.882105680 820594  C  RA 51560928 + 256 [0]
  8,0    7      692     6.883743400     0  C  RA 51561184 + 264 [0]
  8,0    7      693     6.884392831 820594  C  RA 51561448 + 256 [0]
  8,0    7      694     6.887042378     0  C  RA 51561704 + 264 [0]
  8,0    7      695     6.887705086 820594  C  RA 51561968 + 256 [0]
  8,0    7      696     6.889733691     0  C  RA 51562224 + 264 [0]
  8,0    7      697     6.890402676 820594  C  RA 51562488 + 256 [0]
  8,0    7      698     6.892045492     0  C  RA 51562744 + 264 [0]
  8,0    7      699     6.892709443 820594  C  RA 51563008 + 256 [0]
  8,0    7      700     6.894334636     0  C  RA 51563264 + 264 [0]
  8,0    7      701     6.894992154 820594  C  RA 51563528 + 256 [0]
  8,0    7      702     6.897050746     0  C  RA 51563784 + 272 [0]
  8,0    7      703     6.897708883 820594  C  RA 51564056 + 256 [0]
  8,0    7      704     6.900096515     0  C  RA 51564312 + 264 [0]
  8,0    7      705     6.900749149 820594  C  RA 51564576 + 256 [0]
  8,0    7      706     6.902422881     0  C  RA 51564832 + 264 [0]
  8,0    7      707     6.903087666 820594  C  RA 51565096 + 256 [0]
  8,0    7      708     6.904705228     0  C  RA 51565352 + 256 [0]
  8,0    7      709     6.905357816 820594  C  RA 51565608 + 256 [0]
  8,0    7      710     6.906864906     0  C  RA 51565864 + 280 [0]
  8,0    7      711     6.907519841 820594  C  RA 51566144 + 256 [0]
  8,0    7      712     6.909180780     0  C  RA 51566400 + 264 [0]
  8,0    7      713     6.909834853 820594  C  RA 51566664 + 256 [0]
  8,0    7      714     6.911468657     0  C  RA 51566920 + 264 [0]
  8,0    7      715     6.912098484 820594  C  RA 51567184 + 256 [0]
  8,0    7      716     6.913747524     0  C  RA 51567440 + 272 [0]
  8,0    7      717     6.914394880 820594  C  RA 51567712 + 256 [0]
  8,0    7      718     6.916052658     0  C  RA 51567968 + 264 [0]
  8,0    7      719     6.916704501 820594  C  RA 51568232 + 256 [0]
  8,0    7      720     6.918364089     0  C  RA 51568488 + 264 [0]
  8,0    7      721     6.918531292 820594  C  RA 51568752 + 16 [0]
  8,0   10        4   548.869768135     0  C   N [0]
  8,0   10        5   548.870598118     0  C   R [0]
  8,0   10        6   548.871061891     0  C   R [0]
  8,0   10        7   548.873264838     0  C   R [0]
  8,0   10        8   548.875271704 820616  C   N [0]
CPU7 (8,0):
 Reads Queued:           0,        0KiB	 Writes Queued:           0,        0KiB
 Read Dispatches:        0,        0KiB	 Write Dispatches:        0,        0KiB
 Reads Requeued:         0		 Writes Requeued:         0
 Reads Completed:      721,    96320KiB	 Writes Completed:        0,        0KiB
 Read Merges:            0,        0KiB	 Write Merges:            0,        0KiB
 Read depth:             0        	 Write depth:             0
 IO unplugs:             0        	 Timer unplugs:           0
CPU10 (8,0):
 Reads Queued:           0,        0KiB	 Writes Queued:           0,        0KiB
 Read Dispatches:        0,        0KiB	 Write Dispatches:        0,        0KiB
 Reads Requeued:         0		 Writes Requeued:         0
 Reads Completed:        3,       12KiB	 Writes Completed:        0,        0KiB
 Read Merges:            0,        0KiB	 Write Merges:            0,        0KiB
 Read depth:             0        	 Write depth:             0
 PC Reads Queued:        0,        0KiB	 PC Writes Queued:        0,        0KiB
 PC Read Disp.:          0,        0KiB	 PC Write Disp.:          0,        0KiB
 PC Reads Req.:          0		 PC Writes Req.:          0
 PC Reads Compl.:        5		 PC Writes Compl.:        0
 IO unplugs:             0        	 Timer unplugs:           0

Total (8,0):
 Reads Queued:           0,        0KiB	 Writes Queued:           0,        0KiB
 Read Dispatches:        0,        0KiB	 Write Dispatches:        0,        0KiB
 Reads Requeued:         0		 Writes Requeued:         0
 Reads Completed:      724,    96332KiB	 Writes Completed:        0,        0KiB
 Read Merges:            0,        0KiB	 Write Merges:            0,        0KiB
 PC Reads Queued:        0,        0KiB	 PC Writes Queued:        0,        0KiB
 PC Read Disp.:          0,        0KiB	 PC Write Disp.:          0,        0KiB
 PC Reads Req.:          0		 PC Writes Req.:          0
 PC Reads Compl.:        5		 PC Writes Compl.:        0
 IO unplugs:             0        	 Timer unplugs:           0

Throughput (R/W): 175KiB/s / 0KiB/s
Events (8,0): 729 entries
Skips: 0 forward (0 -   0.0%)
